Accuracy: 65.384615
Precision: 40.000000
Recall: 7.692308
F1score: 12.903226
