Accuracy: 66.666667
Precision: 50.000000
Recall: 15.000000
F1score: 23.076923
