Accuracy: 69.230769
Precision: 100.000000
Recall: 7.692308
F1score: 14.285714
