Accuracy: 73.076923
Precision: 85.714286
Recall: 23.076923
F1score: 36.363636
